4 123 1 123.12
oiu bnm 1 123.12
1234 12 1 123.12
3 123 1 123.12
2 123 1 123.12
tyu 123 1 123.12
1 123 1 123.12
asd 123 1 123.12
wer 123 1 123.12
qwe 123 1 123.12
zxc 123 1 123.12
vbnm 123 1 123.12
hust1234 123 1 123.12
aaa bbb 1 SSS
giang29 2911 1 123.12
hust 123 1 google.com.vn
dangchang g1ang2 0 facebook.com
dang123 2911 0 google.com
dangchang98 123 2 123.132.456
chang1707 c1v2b6n5n 0 172.217.161.142
giang 123 1 123.12
giang12 123 1 123.12
giang11 11 1 123.12
hust123 123 1 123.12
bnm 123 1 123.12
cvbn 123 1 123.12
yui 123 1 123.12
qwer 123 1 123.12
zxcv 123 1 123.12
asdfg 123 1 123.12
tyui 123 1 123.12
